0.8635823718724547
1.6159148098859566
1.6591543162037443
8.763367200000001
1.727340447220608
2.6062858411425696
1.5320525535641312
0.9608932011737005
2.298756266273776
0.04005097396686692
1.0309526435667173
1.1773957095962335
1.6250473255205722
10.547687254130341
2.130391220513493
None
-0.7483536000116581
1.1445602441384566
None
None
1.5651515219316368
1.5897019341009475
2.275037984404924
39.50265146319419
-17.344259680911055
0.5330053300533005
4.972349181605238
-2.3889596696219333
2.404754199557436
-5.1012342814853975
3.4577837855130333
187.74157923799007
3.2433569928966954
-120.35848909930347
-0.10308439542585487
5.143679572491883
-0.5234555192347878
2.2715882149006745
1.2003512656726834
-2.3620742526287732
1.4129922487931899
-24.21882626568711
None
None
2.969494928513196
None
5.953560495092804
-1.152876087347238
1.2743214245081445
17.39940781221908
-11.546657008399915
6.009666192986709
1.4597014082174953
1.770732379294377
0.004267712789932319
1.1633711718067599
14.082027841990202
1.0340469274346007
-0.004884145651223682
1.4118875988922377
92.0758432457171
2.3318568276945375
2.856062117590635
None
-2.119520066325711
4.061829392327064
1.3742978850391359
2.977575263157895
15.713164975408102
15.275509444444443
1.7247265107889165
2.447465812796862
4.523914819995895
1.9898609466952268
None
None
1.5043375716416676
0.6155664157119477
None
-5.224830496203062
-0.17507990223726266
17.48557262016867
None
-0.5026266035706467
2.130844512108109
None
-1.6302014027684268
-2.2487806936259562
1.846412897773011
7.167431666666666
2.3364796788369264
None
-3.0801687763713086
7.508714330508933
Error 'NoneType' object is not subscriptable
-0.35071571669044255
5.358304648130238
0.6838070243183006
None
None
