-0.695478486375174
-0.24096564633725104
None
-0.8262996019359771
-1.225119032535194
-1.934241583695604
2.17476176818441
4.152728258795247
None
4.775409919293082
-1.5089468422738075
0.3323068563463009
0.8367327925934475
3.1766636657109726
None
1.6033337249500297
-1.0989107408932284
2.0865938025805435
-0.08787001923757488
2.628941730540791
1.386001116404071
44.800256198140595
1.8676620875650538
-1.5082594120305348
0.5528710896338485
2.798073758818907
12.160621666791737
-0.7087092292566284
-0.47132369834830357
0.7151341941712106
